76
1 10150 1600
2 15108 7103
3 12050 7250
4 13993 7102
5 5608 7103
6 12050 3300
7 11400 10800
8 10358 7103
9 4700 5750
10 13992 10052
11 14900 8450
12 16150 2300
13 9450 11650
14 7300 3300
15 10150 8450
16 3100 7250
17 9450 8450
18 16800 10950
19 5400 1600
20 11400 2300
21 6650 2300
22 14200 11650
23 12050 10950
24 10150 11650
25 19800 11900
26 7850 10950
27 9450 5750
28 16150 6950
29 13100 6950
30 19800 10000
31 14200 8450
32 14900 1600
33 3600 6950
34 4492 10052
35 19800 12200
36 8350 10800
37 10150 5750
38 5610 10053
39 4700 8450
40 7300 10950
41 200 12200
42 11400 6950
43 6650 6950
44 19800 800
45 16800 3300
46 13100 2300
47 8350 6950
48 5400 11650
49 7300 7250
50 4700 11650
51 12600 10950
52 9243 7102
53 4493 7102
54 10360 10053
55 200 1100
56 9242 10052
57 3600 2300
58 3600 10800
59 16150 10800
60 3100 3300
61 13100 10800
62 6650 10800
63 14900 5750
64 5400 5750
65 16800 7250
66 14900 11650
67 12600 3300
68 15110 10053
69 8350 2300
70 3100 10950
71 12600 7250
72 5400 8450
73 14200 5750
74 7850 3300
75 200 800
76 7850 7250
