1002
1 6850 10200
2 7200 10200
3 5050 8450
4 6603 6057
5 5100 3600
6 4900 1550
7 6100 4800
8 10050 6450
9 16450 9250
10 9650 1550
11 3900 10150
12 6699 8856
13 3950 5950
14 14150 6000
15 16250 8500
16 3900 11400
17 11650 9000
18 3750 10500
19 12850 4650
20 5000 2150
21 12050 9350
22 6950 4150
23 13750 6350
24 14050 2500
25 12100 4050
26 11000 5500
27 15350 3050
28 8800 2150
29 11200 2800
30 9750 2550
31 9150 7750
32 6254 3206
33 6000 4450
34 7000 10500
35 9250 6550
36 13950 1450
37 10350 3750
38 9400 8150
39 3750 11200
40 11004 3557
41 7000 10050
42 8850 10150
43 16000 9000
44 15606 5606
45 8850 2950
46 11353 6057
47 11248 6057
48 11449 8856
49 15650 2300
50 5800 5500
51 15600 4400
52 6700 5300
53 14150 8150
54 9000 6350
55 4305 5554
56 14850 4150
57 11700 9250
58 6500 10050
59 16850 4900
60 9054 5447
61 15499 5607
62 15200 6000
63 15498 5500
64 15350 3750
65 13850 4750
66 11450 10300
67 11354 5950
68 16200 9150
69 6500 11150
70 14550 6550
71 7300 9350
72 4500 4800
73 5600 10250
74 10750 2800
75 11550 6000
76 5450 3750
77 15754 3206
78 16850 4750
79 14750 2250
80 3400 2700
81 16800 9650
82 8550 5950
83 4600 10850
84 15500 7000
85 4050 9200
86 14100 11100
87 11600 4050
88 9850 3600
89 3900 7850
90 10898 3556
91 6750 8500
92 10600 3750
93 13699 5554
94 13800 9950
95 4500 4400
96 11150 10300
97 14850 1450
98 16600 5100
99 4700 2500
100 9100 4900
101 16400 8350
102 6750 8600
103 15100 3750
104 9350 10850
105 16104 5950
106 8050 7550
107 10900 9200
108 11450 5800
109 9700 1700
110 9650 2050
111 9150 3700
112 11200 3650
113 6106 5606
114 4450 7450
115 15050 8750
116 10200 2750
117 9700 3500
118 8900 1500
119 13600 2950
120 6500 8700
121 14550 11650
122 5950 10850
123 10950 10300
124 16350 10200
125 6150 8600
126 14100 10850
127 4500 3150
128 14750 2750
129 7100 5500
130 10900 10400
131 15700 11150
132 10450 6000
133 6604 5950
134 12800 7450
135 11500 8500
136 6150 9200
137 13250 10500
138 14200 4750
139 4500 4950
140 13050 3300
141 5050 5750
142 6600 9000
143 14000 5450
144 8000 7000
145 13800 10150
146 13700 9850
147 11050 2800
148 10650 7350
149 12100 4750
150 10400 5350
151 10700 10250
152 6400 10050
153 8200 9450
154 8150 2700
155 13750 7300
156 10800 11550
157 5300 6050
158 10500 5700
159 13854 5256
160 10750 8600
161 1350 2350
162 4200 4150
163 13300 6350
164 16150 4900
165 16305 8749
166 11350 9800
167 14950 3750
168 1050 1550
169 10150 2300
170 9000 7800
171 6850 4050
172 10900 8600
173 15550 11050
174 6699 8750
175 10750 3950
176 16850 3800
177 14900 2300
178 9250 5450
179 16200 5800
180 5100 1550
181 10300 6150
182 13500 5550
183 13700 9450
184 6450 2950
185 12950 1450
186 13800 3300
187 12750 5200
188 4050 2000
189 4950 1700
190 11250 9000
191 9800 6050
192 10500 3450
193 15050 7650
194 10750 7850
195 10150 6050
196 11850 10250
197 6150 11050
198 16450 10650
199 8650 10150
200 15900 8350
201 14900 6550
202 10749 5607
203 4550 10550
204 9200 3500
205 10300 7900
206 15500 8450
207 9100 4750
208 11700 11250
209 15100 11100
210 4150 1500
211 14000 9750
212 5150 5500
213 16600 9750
214 10000 2250
215 16000 11150
216 4450 1450
217 9104 5256
218 5150 6150
219 11450 9150
220 9250 4800
221 8300 1600
222 4550 7650
223 11400 4900
224 9800 8450
225 11950 10500
226 13550 2000
227 8850 5250
228 10700 11150
229 16400 9000
230 5998 5500
231 10850 4150
232 14200 4350
233 6200 11150
234 9250 2950
235 11500 8600
236 4500 5450
237 14450 1700
238 12100 4900
239 9050 3300
240 10700 11650
241 14600 2050
242 11350 5700
243 5950 9750
244 16500 10050
245 13950 7450
246 10400 8150
247 15500 2800
248 5150 7000
249 15250 3450
250 14000 4950
251 16200 10300
252 3450 1450
253 4600 2350
254 13400 7850
255 7300 9000
256 11700 10650
257 6700 9800
258 10900 8500
259 11600 3800
260 10750 3800
261 10150 2950
262 11800 10400
263 5250 2750
264 4550 2800
265 16250 8600
266 8997 5256
267 10400 10550
268 9900 5500
269 16850 4150
270 4450 3500
271 14000 3150
272 7100 5100
273 8200 10450
274 5050 6050
275 9600 1900
276 16500 9800
277 13300 5950
278 14450 3500
279 4700 3500
280 11100 11350
281 11300 11350
282 10600 3050
283 3900 9250
284 11650 10450
285 8500 10500
286 11700 3900
287 6450 2300
288 8950 9450
289 10700 10550
290 7000 7350
291 14200 2800
292 12750 7000
293 16103 6057
294 9400 7450
295 3600 11600
296 6800 5500
297 11750 10050
298 10850 4400
299 8650 7850
300 6650 4900
301 4100 3150
302 15950 2300
303 6100 4150
304 15950 8600
305 15150 10550
306 8650 11150
307 6900 9000
308 14200 3000
309 4600 1850
310 5700 6150
311 1050 2750
312 4700 4350
313 6150 2300
314 4200 9850
315 7100 6750
316 15150 5500
317 8800 2000
318 13650 3300
319 15450 11650
320 15950 3750
321 4000 5050
322 3700 3100
323 15950 2950
324 9300 7900
325 16600 6600
326 4150 3300
327 5650 5350
328 14750 5350
329 15400 2050
330 16550 10400
331 5050 11650
332 15648 3556
333 6700 5800
334 12850 1700
335 3550 3300
336 10200 4250
337 11450 5050
338 11200 8600
339 4100 11150
340 13900 7750
341 9000 7300
342 5400 2950
343 4354 5256
344 13400 11400
345 6700 9650
346 14000 4800
347 12900 3200
348 6300 2300
349 6450 2800
350 5900 7350
351 14500 2550
352 5400 2050
353 6150 2800
354 5550 7900
355 11400 11050
356 4950 3500
357 5050 6550
358 16600 10250
359 15500 9600
360 10100 4150
361 8850 5350
362 4247 5256
363 11250 8700
364 4050 2150
365 5650 7450
366 8950 4150
367 14800 5150
368 15600 10250
369 6000 3950
370 13250 11400
371 6000 3200
372 9900 6150
373 4550 2500
374 8700 1700
375 14550 8450
376 14000 2950
377 8650 11400
378 6148 3206
379 9950 3150
380 13400 9250
381 11450 5300
382 8500 11200
383 9050 2800
384 8550 6350
385 5850 3750
386 6700 9150
387 9850 2050
388 6800 9950
389 6800 9350
390 15250 2000
391 6100 10250
392 15900 10300
393 1150 4000
394 4050 9700
395 4250 6700
396 5600 9750
397 14050 2800
398 7100 10250
399 4250 1650
400 3550 1600
401 5750 5850
402 13950 3500
403 4300 9450
404 3950 4250
405 13700 4550
406 5650 8150
407 15300 5500
408 12900 2700
409 5300 5150
410 6100 4400
411 13600 11150
412 12100 7650
413 4650 6400
414 6400 10300
415 15050 6150
416 10550 5350
417 13900 8250
418 14950 2750
419 6600 8000
420 14100 2350
421 9850 1550
422 4400 1700
423 15150 7450
424 15650 8500
425 14550 3100
426 4100 10150
427 6500 9000
428 6150 8500
429 4100 5850
430 11950 10200
431 11750 10500
432 8750 5050
433 5950 11150
434 10350 10850
435 15150 8150
436 4100 2950
437 5950 10550
438 8650 9250
439 11750 7350
440 9350 2350
441 14650 6550
442 13804 5447
443 10898 3450
444 9150 1700
445 5950 7650
446 8750 5550
447 9900 7000
448 11250 10050
449 13805 5554
450 10350 10250
451 14700 3650
452 16200 5050
453 16450 4150
454 10300 6650
455 9250 3150
456 7350 3800
457 15500 3200
458 16400 10450
459 4800 6500
460 6450 8600
461 7300 9150
462 3550 2800
463 13750 6700
464 7050 10400
465 8450 3100
466 10750 6600
467 14200 2500
468 14600 3600
469 5050 3100
470 16100 9800
471 8950 4550
472 4100 5350
473 15700 10300
474 15950 3450
475 16850 4050
476 10300 8750
477 6498 6057
478 9750 2350
479 16850 7650
480 13650 1500
481 11250 11150
482 9950 3650
483 8997 5150
484 13250 9500
485 12950 9450
486 13900 1700
487 15750 10200
488 4247 5150
489 4400 7750
490 9700 3300
491 5850 3050
492 15754 3557
493 7350 4750
494 16500 7350
495 3600 11100
496 11000 8850
497 5999 5607
498 15450 7650
499 16500 9000
500 15500 3950
501 15950 3650
502 16700 10500
503 4650 6000
504 14000 10250
505 9350 11100
506 15500 8600
507 9000 6700
508 9800 3100
509 15100 2250
510 15850 11350
511 9900 6550
512 16100 5200
513 13400 11150
514 8050 7450
515 5450 4250
516 5100 2050
517 13600 3150
518 10856 5606
519 16800 9000
520 15450 11150
521 9200 1450
522 10050 6050
523 15250 5700
524 10900 11050
525 6350 11350
526 13100 11100
527 6600 5700
528 9300 8950
529 10350 11100
530 9050 9950
531 6300 2800
532 8200 1450
533 10000 5350
534 8500 9500
535 6700 5050
536 7350 4050
537 10800 11050
538 14050 7650
539 10550 5500
540 3750 9500
541 11550 9950
542 13800 2800
543 4100 3500
544 16200 9650
545 9750 2150
546 7300 9650
547 8050 10650
548 6850 3800
549 6100 10050
550 7000 9000
551 6000 2800
552 11000 8950
553 6600 5200
554 13450 6350
555 15650 2800
556 8850 4750
557 13747 5256
558 14500 2150
559 10850 4800
560 4100 4750
561 6200 9950
562 15648 3206
563 14050 7900
564 14900 2050
565 15500 4450
566 10300 6000
567 10650 2050
568 11000 5000
569 14050 10550
570 12800 7550
571 14900 2950
572 10700 9750
573 5050 2800
574 6050 11550
575 6000 6600
576 5400 6050
577 6950 9250
578 15800 2300
579 4500 2950
580 6700 10300
581 10150 6550
582 9300 10550
583 6400 8350
584 10400 7450
585 10950 11150
586 15100 10250
587 11750 9000
588 5750 3450
589 14400 1550
590 9200 7450
591 12050 9150
592 9300 2500
593 5350 4150
594 15850 8850
595 11650 8350
596 13400 11550
597 8650 11550
598 15600 4150
599 15500 3300
600 15600 10050
601 10500 2000
602 10750 9600
603 15450 9750
604 5400 2300
605 10850 9800
606 10300 8950
607 11850 5100
608 13050 1600
609 8300 3300
610 14150 6400
611 10450 6150
612 3900 11550
613 16700 10200
614 4400 3700
615 3300 10650
616 13450 4650
617 6200 10300
618 13600 5850
619 10850 10050
620 11449 8750
621 11850 6750
622 4800 6100
623 14050 8950
624 14550 2800
625 11850 5500
626 13200 3100
627 4199 5554
628 3450 9450
629 15600 4800
630 6050 11050
631 3800 6350
632 16850 3900
633 10750 7000
634 10000 2750
635 5400 6550
636 16600 6750
637 13100 11600
638 15450 10850
639 4600 11100
640 5750 2000
641 7100 9750
642 9050 9450
643 16100 9000
644 8500 11400
645 10100 1450
646 13600 5350
647 9250 6050
648 5250 2250
649 11100 8850
650 4500 10250
651 3900 11150
652 15950 2800
653 6000 8600
654 3750 11400
655 15200 6150
656 9150 8250
657 8450 2800
658 11700 4150
659 5700 6000
660 11200 3750
661 10350 9750
662 14450 3300
663 11555 8749
664 6250 10200
665 12100 3900
666 14000 4400
667 6600 9800
668 12800 9350
669 11200 3450
670 12850 4250
671 9450 2800
672 3950 4650
673 3350 1700
674 7200 10500
675 12100 3800
676 9055 5554
677 9450 4350
678 9250 10250
679 9450 2500
680 15800 2800
681 8350 11600
682 13050 2800
683 9350 1850
684 13600 3500
685 11450 9800
686 8900 3300
687 10300 7650
688 15450 10550
689 14800 6450
690 15100 9750
691 5800 5350
692 6000 3800
693 6148 3450
694 11050 2300
695 5600 11100
696 13750 8250
697 4400 8250
698 6450 3750
699 10700 10850
700 4300 10150
701 5550 6000
702 11150 10050
703 8700 5950
704 15750 5500
705 14700 3150
706 5550 7650
707 5950 11650
708 14550 6050
709 7200 8000
710 4250 6350
711 9000 9250
712 14300 6100
713 6650 11050
714 6100 3650
715 15700 9950
716 14350 1900
717 14650 6150
718 8800 9200
719 3450 10450
720 5650 10550
721 6000 7850
722 10050 5150
723 6950 3900
724 8700 4650
725 4300 2800
726 9800 3800
727 11850 9750
728 15750 8850
729 10748 5500
730 12050 9000
731 5200 3150
732 15500 6600
733 6350 8850
734 8950 9850
735 15500 7850
736 6550 11350
737 13850 4900
738 6000 8450
739 8350 11100
740 15650 10400
741 8800 9700
742 13450 5950
743 5550 6650
744 5350 3750
745 11200 2950
746 9300 7650
747 15750 5000
748 13450 1700
749 14950 4250
750 13750 7800
751 14200 3500
752 3950 1700
753 11350 8000
754 3350 4650
755 3300 7450
756 8700 4250
757 13800 9450
758 3800 5950
759 8300 2800
760 4350 4750
761 3950 6350
762 9800 2800
763 5650 5500
764 6450 4950
765 14650 7000
766 4250 5950
767 4650 7450
768 1150 2250
769 16200 9800
770 6148 3099
771 11350 5200
772 16200 5300
773 10750 3300
774 15650 8600
775 11350 9000
776 15050 8950
777 13750 1650
778 11150 8350
779 4300 11150
780 16050 11350
781 11004 3206
782 5950 10250
783 5000 2350
784 6100 9800
785 4550 8950
786 15600 9800
787 4300 3300
788 4550 7900
789 13900 3700
790 16100 8000
791 6950 10650
792 16450 3900
793 6250 5500
794 6250 5000
795 9250 4950
796 13747 5150
797 13250 11200
798 4300 9950
799 9250 9750
800 10350 4250
801 13550 9200
802 16100 5700
803 15100 10850
804 14150 7450
805 4650 8150
806 13550 2150
807 5550 8750
808 3250 5200
809 5050 3800
810 15400 7350
811 13200 2800
812 16700 8000
813 10900 2300
814 11000 10200
815 5200 3650
816 5300 6450
817 9300 8750
818 15550 11550
819 16800 9150
820 5600 3750
821 4700 2800
822 14850 3750
823 4500 9750
824 7350 3900
825 16300 6000
826 10400 5500
827 15300 5350
828 15950 4950
829 9550 6100
830 15600 3650
831 16000 10050
832 10100 3750
833 9800 11650
834 15648 3450
835 11200 11550
836 9400 6000
837 10150 2050
838 12800 10650
839 14800 6050
840 5750 5700
841 15500 3800
842 7350 4150
843 8850 3150
844 16600 5500
845 10898 3206
846 6900 8350
847 11750 9800
848 4200 9450
849 4250 7800
850 15050 6000
851 10200 3750
852 5600 10850
853 13750 5950
854 8050 9350
855 16199 8750
856 9050 10150
857 13800 11150
858 3250 7000
859 3350 4250
860 11200 2300
861 13400 10150
862 15100 4250
863 10950 9950
864 14550 3800
865 4850 1900
866 9450 3500
867 4500 6050
868 10850 3650
869 15998 6057
870 6250 8950
871 6450 3450
872 11950 8000
873 14000 6050
874 5150 6550
875 16800 9350
876 14400 2050
877 9800 5750
878 8850 5850
879 9300 2800
880 4500 6550
881 6450 3650
882 14600 1550
883 12100 4150
884 8700 6350
885 5350 1450
886 16150 11050
887 9450 3000
888 13600 10150
889 9000 1650
890 14650 5500
891 13750 9250
892 16300 9950
893 6900 10450
894 14300 6500
895 14000 6550
896 7350 7650
897 4250 9250
898 8850 11150
899 8100 4650
900 13700 4150
901 9050 11150
902 14500 2350
903 15650 9200
904 6000 9600
905 11550 9350
906 10750 8450
907 15650 11050
908 11200 4950
909 11600 10200
910 4550 8750
911 6950 11250
912 9550 6500
913 7350 4900
914 9400 6400
915 9250 4400
916 10900 2800
917 10700 7650
918 6000 7000
919 6805 8749
920 8150 3200
921 9000 5950
922 5600 4250
923 14100 1850
924 8850 3500
925 5600 2250
926 6800 6000
927 13450 4250
928 14550 5750
929 15050 6650
930 10750 4450
931 6450 11550
932 15050 7900
933 4100 5250
934 8949 5554
935 8100 4250
936 4700 4750
937 15450 10250
938 16350 4050
939 16000 8700
940 15150 5350
941 3700 2800
942 16300 9350
943 4700 3000
944 15750 8950
945 10850 10250
946 11300 5500
947 5000 2550
948 10750 3200
949 3400 3200
950 16500 10500
951 5450 2750
952 16050 5500
953 6148 3556
954 16350 3800
955 13600 5250
956 9000 8250
957 6000 3300
958 7100 6600
959 9800 6550
960 5550 8950
961 13500 5050
962 4304 5447
963 4250 7300
964 14900 6050
965 16300 5500
966 16450 11250
967 5900 2050
968 4250 8250
969 5550 6150
970 4000 5550
971 11550 5500
972 10350 2250
973 7000 9800
974 8100 1700
975 12050 9650
976 11850 6600
977 11450 9650
978 4950 3300
979 6254 3557
980 3300 7550
981 1250 2050
982 6250 8850
983 4350 4900
984 5250 5350
985 13550 9700
986 14050 8750
987 15900 10050
988 15648 3099
989 10898 3099
990 6150 10400
991 6550 5500
992 3300 9350
993 4900 2050
994 12950 10450
995 13600 4750
996 4200 4550
997 16199 8856
998 15950 11550
999 10500 5850
1000 8000 5200
1001 9450 4750
1002 15250 5850
