318
1 394 2731
2 2346 1985
3 1362 3316
4 2087 1701
5 1362 2953
6 709 1827
7 2228 732
8 2220 1520
9 94 2733
10 63 2733
11 1488 496
12 3055 69
13 2866 1213
14 2276 654
15 1299 630
16 2244 1473
17 1780 3032
18 677 3316
19 1197 1276
20 1496 -79
21 1165 370
22 1913 1961
23 1362 1827
24 1417 1504
25 2346 654
26 283 2063
27 843 173
28 992 1961
29 512 1213
30 2496 3032
31 2315 496
32 1362 3158
33 1551 3158
34 921 1213
35 2244 142
36 2189 205
37 2496 370
38 2315 3316
39 1299 3292
40 638 1985
41 449 3032
42 2787 1400
43 921 3875
44 63 71
45 1307 732
46 2276 315
47 2787 69
48 213 1400
49 205 2544
50 2315 2977
51 2150 1213
52 638 142
53 2087 370
54 1228 1213
55 1488 3316
56 2906 69
57 2362 142
58 480 1276
59 1780 370
60 677 496
61 2480 142
62 1000 2063
63 276 3292
64 638 3316
65 638 654
66 606 220
67 3016 2607
68 638 1827
69 1488 2953
70 362 1400
71 764 220
72 2945 2063
73 2937 69
74 1425 291
75 1307 2063
76 890 3938
77 1614 1985
78 1732 2851
79 2315 654
80 677 1646
81 480 2607
82 1488 1622
83 1780 1701
84 3016 1276
85 1362 654
86 2346 3158
87 764 2882
88 2346 2977
89 858 3032
90 512 3875
91 1614 1622
92 2315 1827
93 173 1276
94 2937 2731
95 2315 1646
96 2559 3875
97 669 1473
98 142 1701
99 2346 1827
100 1921 732
101 1843 1213
102 1732 189
103 843 1504
104 1425 1985
105 2118 3938
106 638 1473
107 1362 1622
108 2866 3875
109 2756 1400
110 591 732
111 1276 205
112 63 1402
113 1488 3158
114 921 2544
115 2945 732
116 591 3394
117 2480 1473
118 1197 3938
119 1551 2953
120 677 2977
121 2189 2867
122 2906 1400
123 1843 2544
124 1228 3875
125 591 2063
126 2346 1646
127 394 1400
128 2189 1536
129 2402 1488
130 1843 3875
131 1000 732
132 709 3158
133 992 3292
134 2331 2804
135 362 2731
136 205 3875
137 1417 -79
138 2228 3394
139 669 2804
140 213 2731
141 94 1402
142 1276 2867
143 2276 1827
144 2276 1985
145 173 3938
146 1425 1827
147 2276 496
148 1425 654
149 583 630
150 2803 1701
151 2638 2063
152 1362 496
153 2630 3292
154 1307 3394
155 2315 3158
156 1425 3316
157 213 69
158 1165 3032
159 1228 2544
160 709 1985
161 2346 3316
162 2937 630
163 1551 1827
164 2331 142
165 677 1827
166 3055 2731
167 1614 3316
168 2402 1551
169 2244 2804
170 669 142
171 2402 220
172 2150 3875
173 2787 2731
174 2496 1701
175 811 189
176 1425 1622
177 709 496
178 1197 2607
179 2220 2851
180 2835 2607
181 3087 1400
182 528 2819
183 2528 3938
184 244 2731
185 480 3938
186 1614 2953
187 2362 1473
188 142 3032
189 142 370
190 677 3158
191 2276 2977
192 583 3292
193 2276 1646
194 1488 654
195 701 1473
196 2362 2804
197 2402 157
198 890 2607
199 2906 2731
200 394 69
201 2118 2607
202 1551 3316
203 1425 496
204 2402 2882
205 2630 630
206 528 1488
207 638 3158
208 1417 2835
209 2945 3394
210 1921 2063
211 1811 1276
212 2087 3032
213 2331 1473
214 2220 189
215 2803 3032
216 638 314
217 2402 2819
218 1488 1985
219 701 142
220 858 370
221 2220 1961
222 1732 1520
223 1488 1827
224 1614 496
225 1417 173
226 1913 3292
227 2220 630
228 283 3394
229 3087 2731
230 2150 2544
231 843 2835
232 709 315
233 2937 3292
234 2835 1276
235 709 3316
236 606 1551
237 583 1961
238 1921 3394
239 764 1551
240 811 2851
241 709 654
242 528 157
243 606 2882
244 2346 496
245 858 1701
246 512 2544
247 2559 2544
248 1165 1701
249 677 315
250 2866 2544
251 2528 1276
252 890 1276
253 173 2607
254 811 1520
255 1551 654
256 1551 496
257 1693 4055
258 1811 3938
259 709 1646
260 449 1701
261 2118 1276
262 1362 291
263 1913 630
264 677 654
265 244 1400
266 3087 69
267 1488 291
268 1425 3158
269 677 1985
270 2480 2804
271 1299 1961
272 992 630
273 701 2804
274 2937 1961
275 205 1213
276 2638 3394
277 1276 1536
278 1614 1827
279 638 2976
280 362 69
281 1811 2607
282 2220 3292
283 3016 3938
284 276 1961
285 638 496
286 1551 1985
287 1614 3158
288 1614 291
289 1614 654
290 1551 291
291 244 69
292 2756 69
293 2756 2731
294 2228 2063
295 276 630
296 709 2977
297 1362 1985
298 2528 2607
299 2559 1213
300 2276 3316
301 3055 1400
302 1000 3394
303 2803 370
304 2315 315
305 283 732
306 2346 315
307 2835 3938
308 2276 3158
309 94 71
310 2630 1961
311 449 370
312 2638 732
313 1551 1622
314 638 2804
315 638 1645
316 2315 1985
317 1425 2953
318 2937 1400
